0.753311046217783 0.119250689548727 0.540857067085027
2.01435466569865 1.56405939380074 -2.3190039788824
-0.355134460371891 -0.917956440467637 -0.537571510591968
2.02816784264222 -1.14044997725955 1.65851310274361
-2.21687445114244 -0.0357802103823252 0.784005381173439
0.758396178001042 0.389726643725274 -1.46371982734482
-1.3061852590117 -1.06929679314721 1.61537709406685
-0.802519568703793 -1.16186269906835 2.11663786308434
-1.79224083446114 -0.957539783984007 0.453604763626074
-0.0420324540227439 0.74086970144693 0.0345326022819933
2.15004261784474 -1.19619888468854 -0.172413402297145
-1.77023083820321 0.231560277027933 0.310460868300967
0.864653594565389 -1.35188770614247 -0.313695854492868
-1.72015589816109 0.15047824119588 0.0520384656774131
0.134125668141181 -0.92217255842102 -0.502861635796686
-0.0758265646523722 1.30047854370419 -0.780020235159584
0.85830054437592 -0.977458167534929 1.31937987060059
0.34490034810227 -0.811995862903632 -1.22439514866207
-0.582452690107777 -0.243731518305565 0.718297144727257
0.786170375925402 -0.420667334716243 -1.22230956936696
-0.692099286413293 1.46506692943395 1.30773910638021
-1.18304353631275 0.764847723424082 -0.112685368098872
1.26885070606311 0.280288376526254 -0.50394252428825
-0.31255154601115 -0.0898918465198689 -0.500715831194095
0.0305712590978896 1.17706255520416 0.242661474142704
-1.48227491274074 -0.664280329421525 -0.0351808553394812
-1.1266484433723 0.163171691095017 -0.0632523913752302
-1.76384328816407 0.0918656363196368 0.684478481160616
-1.06261907921087 0.664967678036132 0.771400518895374
-1.34299923949433 -1.1299096306564 -1.27664185753801
0.75499616368565 0.447315386101062 -1.35255068569589
-0.641488897119284 0.0342726764830601 0.135598733887745
1.43113232680283 0.935101811438548 -0.707813593791448
-0.624550715533016 -0.968499016654907 1.06898118571008
0.228994835913877 -0.337414660188936 1.61456538411742
0.263180523648015 -0.160528087151609 1.90497996431516
0.429218298645962 -1.11618144803231 0.096435660104178
-1.48422012243594 -0.749695119268919 0.0645836592816672
0.180008373889869 -0.689491527711426 -0.549563711404978
2.0610603388896 -0.2357514623139 0.410106416299543
0.725601620549376 -0.306825224128365 -1.05125643329595
-0.488733903182618 0.134159519552832 -0.163178064937934
-0.48412126022804 0.528522225619715 0.413071536046817
1.8455935861952 0.689090460551302 0.0714102205029302
0.51543420947092 0.668901457623591 0.665617320458913
-1.11478738283505 0.655374058001382 0.398966813872973
-0.310148921406503 0.147392758829959 0.035563145332378
0.0914314711285621 -0.567678905143783 0.0618065335349598
0.644317276683451 -0.183637971487929 0.178634945229783
0.374834480973148 -0.240187622641083 1.15924689348243
0.197526281696195 -0.128153505074101 0.303523273822764
1.18170978067331 1.1039695452651 1.1643541539647
-0.700654639639599 0.101792007623758 2.33556856608196
-0.60668499749769 1.62767145009155 0.9488082763111
-0.505691854413758 0.645011497832863 -1.14772475218744
-0.820823512737357 -1.528690625541 1.19201879668682
-0.236121136178757 0.812766643428572 0.435337864376003
-0.76970360331065 -0.439886101935978 -0.0854919933340339
0.719994361384942 0.462259907403051 -0.0546362951093213
1.27995051677442 0.25061529299415 1.51623220651276
-0.993679843206022 1.0209233852146 1.44849202077925
-0.906088702552141 -1.55344970310483 0.571675640969368
-1.31823035533395 -0.0395259933651395 0.0799187646083367
1.93449431357851 1.21242699509598 1.68945377000613
0.678062585563184 0.272300178745597 0.149085392261374
-0.402475846197943 -0.163500043410609 0.512283205373128
0.185543893131347 -1.31209657859617 -1.9574792225441
0.399844594857609 0.667785046517005 -1.67739232834089
1.64399543506356 -0.536380505813298 -0.336551358596196
-0.0621489942786565 0.113118245830221 -1.70200033211117
-0.316412768976859 0.0843039383415918 0.256445679102054
-0.145664989288422 0.225829000363635 -1.21737839593968
0.703607176191254 -0.857245594453287 1.30152146465607
0.191685240548738 -0.593447615744945 0.586907129409692
-1.22787979845534 0.480769313321794 -1.25066533664999
-0.0659422836547027 -0.698839470217058 0.870005866176184
-0.785876668506505 0.661332520014638 -0.0662707557955913
-2.94319389477141 0.769223544364829 -0.808667325892515
-0.627659271278505 -0.939814010344823 0.353016776823075
-0.553162634374781 0.284848576173729 0.290929351885175
1.4896119007868 1.39799474945858 1.06944927805548
0.887638190472235 0.247648939984051 0.113263842195316
-0.328400349680381 0.76566220350575 0.459985907314299
-1.28334613607347 -0.625014361188343 -0.0210348274747868
-0.0143846660248952 -2.19320573581853 -0.447164429730245
1.00533794161294 0.0898750097124961 0.885464504761804
0.403112850999768 0.385601378503081 -0.072286658006045
1.43250807793894 -0.666719217882811 1.11979363266844
0.137341139238348 -0.526794029910724 0.806255517622069
-1.34150706461528 -0.785329496039123 -1.08874760168174
-0.486983894512535 -0.268942328123911 0.996008824674174
-0.899961461187438 1.04772918408427 1.3781851909002
0.32048085096021 -1.12588159611985 -0.246066223355141
0.314729922388788 0.562242034083804 0.142179033142969
-1.04079373786278 0.606842782964348 0.27354568844081
0.385444205622106 -0.784875202162699 1.52317863790197
0.797554772638084 -1.43525088241803 -0.4955923866182
-0.553701810045315 1.54742871095782 1.09787670777286
0.177313212434988 0.390770879187266 -0.637282542006559
0.0429850393379165 -0.414569477451474 0.184567401495672
-0.947407306882517 0.308448893518076 -0.223736456718845
-1.81671070043765 0.326762787461563 1.13079744133607
1.98558168112655 0.151944124073672 0.214842239503534
0.816763527228164 1.27506037739003 0.00346461099602218
-0.999641418373734 0.351408986925399 -0.184932626265365
0.561122245646893 0.37159636076386 0.377782004070938
-0.780051295827419 -0.415015904251074 -0.387124281680626
0.678255014385258 -2.50783167716635 0.330947312509188
-1.05244440938223 -1.45351612471617 0.0682020677299595
-0.704156257941125 0.250738978559473 -0.103721349915596
-0.950649365716212 1.1048025859743 -0.267459739380981
-0.186665704539204 0.315819749152042 0.0832720032362267
1.23194397896305 0.331603777896471 -0.420694004119382
-1.3577829959598 0.542018877912669 -0.663817914777131
-0.310807008761374 0.473261006684823 -0.375049573317478
1.07223372788143 -0.67442160771928 -0.0250321921232389
-1.687950698029 -1.39673664284436 1.03146281561531
-0.449290874536239 1.82729082737738 0.0740960408823538
-0.217818547759328 -1.04487074689214 -0.0674091343597603
-2.05011187186522 -0.940848846848995 -0.960811453971273
-0.773689698935534 -0.0705761571938954 0.972620012478809
1.23352810034305 1.2854455523957 1.28281031375469
0.637943591350187 1.90722687516106 -0.00721738962093287
1.02742589003499 1.36421739268044 -0.604431442514968
-0.221802588014138 -0.581799769800743 0.0718687078658439
1.1422597384525 0.851394976522393 0.384016904727557
0.258899904765721 2.80796718059054 1.04577708852449
-0.497554111364041 -0.264648889201638 -0.897846572634189
0.372102464850655 1.34587657092251 0.923629447659703
-1.1434921626598 1.32303261505739 -0.0374912523851701
0.682961179363448 -1.18277464604936 -0.0923115505420135
0.773203125369953 -0.440393825560361 0.0993581746435747
-0.525245197196788 0.814808260787015 -2.17772684238257
-1.12170194880946 -0.894807690833285 -0.337998760168382
-0.49951422256659 -1.49046066806887 1.5789406575021
0.350968937985019 -0.711016041395765 0.111127811251324
-0.180223224513139 -0.915848006534385 0.34809031980601
-3.14878681815321 -1.37596359062851 0.542534976274986
-1.35657585361655 -2.20430007443877 -0.0543376795916584
1.03424376373775 0.307945910206764 -0.186157998977778
2.57892452300897 -0.943746816651788 0.931154686766105
-1.22002763754792 -0.782732295361921 -0.685011792190133
0.593855192475026 -1.13303430725645 1.22852678717732
1.48002687597405 1.64312785807633 -0.416089859484637
0.594648170235229 1.86821841593513 -0.484828719902665
-1.00768703318942 1.33291896733884 -0.388706771839668
0.651475716300321 0.0999555748849419 -0.790841941279855
1.51217968323428 -1.06863207352404 0.380430414848959
0.112484128773566 0.65096718179822 1.317662539801
0.15510264073353 -0.275750212566535 -0.3082430373792
-1.4706795708993 -0.876017273535953 0.208330177949309
-1.86550242869631 0.723485204365089 -1.05956549221172
-0.129814738916835 -0.235945647373713 -0.192286843142629
0.0122153445473173 -1.22827642334961 -0.961481408248297
-1.70788579348749 1.00505805608427 -0.344085846191705
0.521113056228149 -0.0489411057941142 -0.975714020021374
0.948227214346887 -1.13156123257606 -1.32703852320839
1.47561012283988 0.235694231614386 1.64348694202651
0.717259745256767 0.949343151218142 1.22092123284627
-0.97762660108924 0.765554023639907 -0.0347250118578363
-0.1961569186557 0.297665554596193 -0.808096283703766
1.19612108096376 -0.822413973790908 0.819020059689517
-0.495029486443754 -1.03088835191643 0.596985101701188
2.19175488676206 -0.108105561401489 -0.728316055232664
-1.24046986768681 -0.382982193893918 1.05611116147735
0.624543059061642 -1.08458255588654 -0.908998838497772
-1.49897569097527 -0.966340036614726 -0.926316354895306
1.34527952005807 -1.15845403603685 1.18056295243606
0.674458380585369 0.295978155801706 -0.966768145979176
-0.657825705858419 0.451774956812163 0.950773836003701
-0.348781835010634 -0.216306234206278 -1.890777745796
-0.165434310000102 1.74171763015398 -0.576912355737432
1.3279203319311 -0.564070766762108 0.262788984712761
-0.226624012708033 1.66451241697794 -1.72745063068736
-0.395264738866857 0.876449430872391 1.11795085322095
-0.672706824201548 -1.96583581815815 0.25527837449591
-0.366921609189166 0.887638717525714 0.276342586030383
-2.78482453582 -0.322501451483564 0.247703553863757
1.53205978590972 -0.504187183485948 0.743000498065254
0.203211547148918 0.0224364357808432 -1.15102934274086
0.0856964087234798 -0.0107053296881537 -1.04512970755175
-2.61922662805158 -0.290262213786811 -0.677040000356348
-1.35998226149043 1.21320016900983 0.268176433139938
0.904010209523764 -0.326795572810008 -0.749019666335684
0.245495923940593 0.941414023617673 -0.327713594216071
1.20973225611035 -1.52180755431042 1.37706541195546
-0.148970013643498 0.405046801143622 -0.0518500749170573
0.282123043894735 -0.356526371739542 0.268173455107689
0.742066005385613 -0.403777476719284 0.00757431512380881
-0.511361621388162 0.270413726442193 -0.58666590505109
0.956627752834639 -2.03174578740862 0.508146371009555
-2.18050194929714 1.0006747041399 0.117407621893623
-1.94257676075831 0.328107747484696 -0.425893011831135
0.812917577722331 -1.22638425888131 0.495681286168263
0.974892458607518 0.273606052370982 -1.47285303658574
0.811235082185407 -1.4482113207364 0.353154619088318
-0.783950046909513 1.19402093761424 0.0593259165642221
-1.08708207867989 -0.504367881814007 0.0208248481063467
-0.166288412500748 0.216461916359873 -0.391076630358151
0.596872547540585 0.785727187780831 0.786448037063576
2.02107798782357 -0.0830296333106567 -1.18786589571211
1.29189399526495 -0.485180175806389 2.47430086258008
-0.260760882840095 -0.698323117501312 0.139903663058683
1.33885219439651 0.969429421115452 0.741686581151927
0.57186477758663 -0.565579796750084 0.925288313910609
-0.0849407614804789 -0.109310730717739 1.51883630558268
1.98849597321259 -0.455439066285663 -0.489505265338057
1.47326724517321 0.387479074693446 0.544464211441607
1.23427211135984 0.450349094488545 0.481483299433426
0.216376159064785 1.55928897335679 0.2869206670598
0.289137732239307 -0.742311451708986 -1.4034639792055
0.548953204428914 0.467106079478307 1.48937101542667
0.506602096136801 -0.393298610664076 -0.171888964077075
-0.580991778737661 -0.405579382690287 0.378306449531806
-0.754581142135858 -0.276118445277742 0.342741153005331
0.731221705269331 -1.53701176232161 -1.54141694441788
-0.259749050223254 0.235974160293728 0.954394301125035
0.721430442567432 -0.225343165235026 -1.4615827568852
-0.669886390598952 1.8920258994572 -1.0786662526121
-0.644406211554397 -0.121789301251011 0.639831173538782
-1.25426414872494 0.0509529517989912 -0.297178093576435
0.217840861689736 -0.0676825764162836 -0.00606066677551874
1.0508259389974 -1.86818517133104 -0.180662026496187
-1.52983228781563 0.259517511752056 0.926719930479419
1.05525600889197 -1.42952049866376 0.460774432453715
0.063481247209465 0.404696280243691 -0.16647958424831
1.50878164070168 -0.988484963964461 0.312971628145599
0.178681876129666 0.637048042862923 0.332928208960216
-0.0135920696625423 -1.75304457675747 1.17143419400436
-0.119105513036055 -0.189672356024674 0.48989206938733
0.237466674011916 -0.645919481320881 -0.544532418345573
-0.266056927702028 1.18855371302886 0.759387174990221
0.769732618998639 1.38511018309739 1.75800358284415
0.845585648759779 0.810137192870343 -0.500608026508708
0.456373422012646 -0.35864288186908 0.736788451459056
0.149393568754746 2.50126184972083 0.540389543969938
-1.60989586698321 1.82220083011925 -0.19779451755013
0.121843977425843 0.111922336714512 -2.64575766209526
-1.14416780976046 0.54457530511568 -0.633935842229169
-0.744977150560808 -0.106498726849851 1.58118115370654
0.650501514853693 1.08079362648823 -0.286446422980138
-1.64691443366488 1.52396948993463 0.766825701498934
-1.0867266634024 1.4727139164128 2.1499099538795
-0.608219721647021 -0.321360389329898 -0.626120205605885
-0.268567656124919 0.205240073480455 1.57935920411431
0.189497561424395 -0.934615199056131 -0.716075660562167
0.559983322661556 0.00539640003718485 -0.535541416179136
0.652905410614186 0.774218983436807 1.98277303115657
-1.362802710083 -0.999382273742134 1.45953124225938
0.96694704677978 1.21885520916368 -0.533207380773789
-0.477115920786089 0.639638228746572 1.2616997208243
0.280600600070175 -1.09122857126992 -0.792718950374295
-0.0121287658406515 -0.818004530971213 -0.346870102787454
-0.529872575474426 -1.03006584692987 -0.487307249453434
0.87587172868539 -0.161379349724285 0.336436293435308
-0.804811378614917 0.443722704393653 0.996037969105193
1.70355626821978 0.470465382624491 -0.5342449913949
-1.4086269830745 -0.0960539243270762 -1.43305836458567
-0.490715366771783 -0.775635840120229 0.991161055992008
0.266190479576343 -0.633594134106227 1.03941151253812
-1.82206074904433 0.295945175338132 -0.143470249820058
1.52879383931158 0.0718721551527157 -0.909621811201701
-0.271065067974676 1.9004077097848 -0.990690112032784
0.390627568079253 0.214068190284478 -0.664856330027632
-0.706827823077249 1.80130417180565 -0.334624707082101
-1.43419305397336 0.989692589229319 0.127910848876448
0.379136385697715 -1.04672413869857 -0.39216315246936
1.00890087600012 -0.261919030471108 1.14571097462512
-0.645729665395642 0.599210691913742 -1.37765672739694
-0.453575030862718 -0.156011485953282 -1.25282917639549
-0.218515530155012 1.68580077571796 -0.0858036095508522
-2.39905404655673 1.1381745918958 1.02249910550565
-1.22541707737405 0.116228971747508 0.888547387622196
-0.0523166702113841 1.27637777638194 1.37766803191935
-1.89281100448867 1.37931727237364 -1.88112134783385
-0.506709512827955 0.0553995404422633 0.482572862847629
0.137464323095386 1.35515122654965 -0.493716254977873
0.713770668080919 -0.0875637507031115 1.35935415275543
1.81802012627279 -0.425898561711415 1.39444593935764
-0.160278416847362 1.00226055047398 0.698995773807505
1.50454451188121 0.373883384690243 -0.419164055047977
-0.923657502392229 -0.349478435922321 0.231841366895025
-0.185791960249101 -0.0085342793161988 0.127476139128285
0.468920475130623 -0.879126607779091 -1.1444667857599
-2.53873016499353 -1.39320589626682 -0.701292922244949
-0.0855033845534554 -0.0445611098807884 0.989436199686959
-0.871776369892731 1.13971669803875 -0.24806831482653
-1.19034779048059 0.848218447096828 -0.418268858139881
1.01235776048949 0.848219540125022 0.455847849423732
-0.417610973630328 0.54844097416884 0.494440582580823
-0.514118702571925 0.385415614627844 1.5007342570201
-0.690598232032074 -1.66184256107573 1.81491249562866
-1.29074391454355 -0.3913892540268 -0.179268527567579
-1.52765311110575 -0.245879620479597 0.149588144603941
-0.627366302956929 0.501023543077025 1.3052375429363
-1.27490871154093 -1.72357876069135 -0.786262928397878
-0.017572169000864 0.297053504823147 -1.5070398226278
1.29122447903801 -0.212070002958456 -0.0764582144802987
-1.65504344717087 1.11782503181775 -0.379803371583651
-0.646052103643179 1.18956595070126 1.69312142768203
0.431463771923336 0.87304480933248 0.787431159335902
0.018909295511799 -0.250391272400877 -0.0467944023056365
-0.35270472926426 2.40563694450216 -0.513737549587177
-0.527741641519635 -1.19439300170319 0.504958955700821
-1.84322156873603 -0.752543004173959 -0.374483926154006
-0.0815630152844174 0.0900420443561396 -0.44761858265413
0.305187060632085 1.53456189957841 0.858669302553315
1.42206080908475 -1.29198952205751 -0.444722201939278
0.0944552025056499 1.60329416642733 0.268207064057649
1.39990634038161 -0.604579222740034 -0.23569495866973
-0.650501144661661 0.120270547399408 0.536233844909061
-1.55201405008001 0.733067456480384 1.14816456951273
-0.385258755800069 0.512028329104819 1.8326252987011
-0.966538245892546 0.0525188791697255 0.174355861743209
-0.785335082042696 -0.199645147212437 -0.221456924456736
1.06812057354901 0.499997573762924 -0.316694580980974
1.34807879129705 -0.0716804167571992 1.17714741415877
-0.530181028276948 -0.530297106644486 1.73661530354385
-1.58920024368132 0.65401830176137 -1.96297601241588
-1.24488996905907 0.824671370847508 0.7063227863776
-1.68250209036943 -0.739356824299319 -0.911511378070404
0.168904287052854 -0.475149102296174 0.320835532345786
-0.35560141671393 0.778924738244744 1.9740219177243
-0.838509379853353 0.397321525667338 0.418635614003213
1.63949059179633 -0.36125731996716 -0.0444717637191543
-0.245806157397448 0.97419251731695 0.391090728293148
0.832887663788809 1.52814264675407 0.259669337222887
0.634265095097763 0.595033096749341 0.95766389841019
-0.40591305338711 1.55910836176254 0.614544083524871
0.651194464326681 -1.16534248966697 -1.74975188671015
0.91941786201386 -1.52340903003755 -0.26878155626585
1.63400219374145 -0.209668366158554 -0.330800003537179
-0.086290634544252 2.83224589792602 0.642060363828361
1.02130480171076 -1.47847016806931 -0.109630225283926
-0.721766674027016 -0.611106484516939 -0.874734314570703
-0.00624091603357744 0.878551515794061 0.0980988945479213
1.01498546525642 -2.51495353523531 -0.0101492777311253
-2.57197496594107 -0.563412607280294 1.09445898597742
1.0414625615213 -0.963412391793977 -0.83140379783433
-0.232915199420456 -1.158267464691 -0.867637123403085
-0.709396682885346 0.0296680106299068 -0.419567466420759
-0.973711389516111 1.25480875273104 0.0859715299528148
1.38533580288428 -0.040170829938073 0.506329497500626
0.542220718539514 -0.223820510942969 1.02609331670591
0.706740395741542 0.441050180113443 0.108421226345937
0.598327031838227 0.700439425938793 2.0894681766589
0.557373870766853 -0.829444210601183 0.532543851078515
1.10012142132296 -0.657566069251161 -0.73764108963
-0.576807556432628 0.511817591544333 -1.20209068884992
0.0893186744931756 0.0939093830418896 1.65890704495057
0.252663846870455 0.725752809571158 -0.0901382170424391
-0.0909380262223876 -1.37963422801328 -0.936381969881971
-0.162592989679631 -0.406956364570299 0.099953833389878
-1.30047672816388 -1.95374459308253 0.173246650152389
0.194592830906784 -1.02342013685113 -0.387231100150458
-0.932258290143679 -2.25888171238313 -0.122786150991091
-0.165300169986373 -1.08719433203751 0.780839968562833
2.41343827545342 1.19101823711986 0.351224783519912
-0.352542702574739 -0.171688705146141 0.925077290214083
-0.892906312572307 0.243874261475305 -0.181158782898753
-0.755182965176052 1.4017616179201 -0.635350499677217
0.718760814536213 0.696225155944701 -0.194026431435879
0.916856904690282 1.84917469445839 -1.06275221170595
-0.246933518172411 0.629624831350189 -0.77668157266548
-0.370820838308705 1.73863902625833 1.70649646798662
-0.199560388777265 -0.118820484291507 0.457915701168434
-1.60718640778526 1.29015279451402 -0.559907050217912
2.12519056235872 -0.180600843134822 0.125412562308618
-1.29449959087952 -1.8579032901108 0.86967815068666
0.523593302914842 -0.936532675503502 -2.37326596176333
0.18096776800138 0.395204140281691 0.508211253978027
0.726366448635667 -0.891109549298598 2.49776586165762
0.432416785275651 1.29172530233551 1.16918698880596
0.469632961702976 0.035328297518585 0.0938517772358248
0.335235008464001 -0.375806886140165 0.562083980106946
-0.482462305307706 0.504046608246553 -1.30216033768913
-0.677933460985585 0.589343717340345 -1.50079503065039
-1.61785077356952 -0.426389451854734 1.67761048226831
0.569288447770475 -1.62169225182005 1.3774231227404
-1.70645548478617 0.171343717598055 -0.820463033164161
-0.324419487034306 0.00605542667412709 -0.0434748204887652
-0.936716588049027 -1.30537132712711 -0.595880109197679
0.0787185793610304 -0.168817623535188 -0.968389197518292
-1.22708452561008 -1.10274505608656 -0.0921492156860584
-2.0897836265428 1.42318498459079 1.03204863800147
-0.428011075194765 0.290244823999774 1.32330732869516
0.342465216215698 0.16372853902231 -1.0587926904404
-0.602373070400641 -0.0719195585721589 -1.02572703668015
-0.384576605472404 -1.42913392725251 1.8749813493803
1.93381810385654 0.539503200437548 0.264450519130998
-0.0198616431655277 -2.41242912331652 1.34009989935233
0.0176076861952592 1.04665263535746 1.28353076279288
-2.06534535475875 -0.0431620904063865 0.231466657418416
0.687751739638378 -0.649863250352299 -0.28460501350661
1.03209977983835 0.0609888773497125 -1.00298930807708
0.854635018685957 -0.153882950279875 0.182228220922498
1.20905348881171 0.676196799834957 -0.0458812627566203
-1.45165337805367 -1.97248778796545 -1.05622123170987
-0.349830666166446 -1.17869611697204 1.34590918273236
1.68698170360073 0.40467579388466 0.251431502707982
-0.60201036337482 -0.466336853887792 -0.0215558375286681
0.926935629332168 0.504884580362182 0.153376772925064
0.62875954133315 -0.203682585896984 -1.820050902134
-1.39014814699271 0.688246488390891 0.0616619591369947
-0.350211615534775 0.382069380634539 -0.306886760944344
0.844117243879299 0.153436582591904 -0.462846197132886
0.797480611655248 0.0525390429608033 0.797384608453333
-0.87760172534895 0.62866119104991 -0.441546589262597
0.967871622219332 -0.811214955654226 -0.537441405576716
-0.175381289244906 0.919751132864576 0.475166512364469
-0.477645535569071 -0.102832971405406 -0.51948930201109
0.383792475585305 0.60838306978325 0.76298638795934
-0.32080555783612 -0.385327296745924 0.478444414390501
1.00791101537431 0.74441630112909 0.539636399861066
0.271372926857928 0.153559798438182 0.350190010964166
0.882815512923326 1.67824528698012 0.66606383044
0.986213498179552 0.411357386903546 -1.83252005253949
1.95784216200585 -2.16703472147718 1.84558854174429
-1.50381657755581 -1.32094119797234 -0.826342616217345
0.213409726984971 -1.89020459321007 1.52160730129047
0.139272451318802 -0.601302671051968 -2.19479802945715
-0.529941726591617 -0.399838581675565 0.0407834364078038
0.50767540235828 1.07015363152458 -0.185211365215717
-0.834501824522944 -1.20637012593432 0.633704294041407
0.850590369970836 -0.655944384079998 -0.0421796453242028
0.799887057079686 -0.695624191048282 1.05164442103956
-0.651560427681437 -0.318878530239594 0.729753822947897
-0.263859269002701 0.325671988875275 1.36900786749158
-0.106910108806147 1.29330068227917 1.42252940008684
1.3259029913484 1.69407585567401 -0.00159486392788861
0.597975570333048 -0.744001141912098 -1.98762609453396
-0.229860649200089 -1.07145310227991 0.835112700744109
-0.251506528498052 -0.821563556819928 1.0332842363506
0.0759390091536265 0.49766714707184 1.12354394290155
-0.7554423840453 -1.20992173526052 0.387732930817065
-0.760738380249501 0.524161757703584 -0.593919361516788
0.316931926798656 0.327791576337816 -2.50590164411657
-1.71100033798661 -0.896952864039829 0.172204705146599
0.722827014995761 -2.35821484177335 -0.528959734726701
-0.0330253736104786 1.51246318821496 -1.0506655417108
0.456054752210894 0.714900002801279 1.13865913671611
0.494130766952888 0.119075231578236 0.745825899217912
-1.03276332354327 -0.570266919152442 -1.04945509719543
-0.517175646981757 0.427981784272859 -0.568817617423404
0.0397480984414876 -0.545769859431155 0.0628695970551084
0.179503086497218 -1.06339423302425 -1.7866035598032
-0.155490115096605 -0.0988180833302691 0.210456255537162
1.18034282351421 0.639712746155842 0.113835866082021
1.30489287369012 -1.45519750049088 -0.94006506309795
-0.881233317192247 0.825692068884252 -0.174952454923744
-1.30703371538774 1.01960454924787 1.63423231405396
-0.973697208845363 -3.13588733632742 -0.962332223539687
0.826177714429191 1.78569248727003 0.629020784271552
0.097099039155944 0.4741686923138 -0.645098459536951
-0.341989233101806 0.048468298385088 -0.734909196344336
-0.584567995386694 -0.805980518478259 0.634388405477914
1.61761460358265 -1.48047714818106 -0.21453074179891
1.95925313075649 -1.41303694930931 0.460654510492861
-0.370037336974709 -0.250386843858922 -0.248836627098648
-0.734976344032635 -0.987944396968794 -1.89867057978139
-0.275044653144823 -0.916260890390137 -0.390532725317487
1.68236149031321 -0.282744343181381 2.85667463177559
0.574478852211069 -1.17802438690115 0.401828851291638
0.408707107638738 0.542232182896128 0.219177330284295
-0.255238822857688 1.42059747136105 -1.97742351740674
-0.938112526100472 1.67706905018475 -0.0883122915775295
1.174220546851 0.0199045850243468 0.598244301362863
-0.987337830565265 -0.193116406446963 0.502505133518326
-0.967573906109529 0.690270239199076 -0.954226754981938
-0.571384709242824 0.772944522675263 -2.13028139423956
1.5234941533232 1.7585146659134 0.76273495757796
-1.10007763042164 -0.217705638851103 0.48314223836504
0.0494518989264251 -1.06681870989891 -0.0479259454909181
-1.75155296574571 -0.294446334602069 0.212985294759072
-0.326236725292462 0.869654611101995 -0.59001855259217
-1.22742172894594 1.20950175114019 0.474514612778267
-0.901700784623639 -0.169468289607342 -2.41765001249196
0.279688397733967 0.948978723711187 2.07619147601528
-0.00159567890739804 -0.776640790963934 -0.999422599529582
-0.450496545325589 0.354514715004421 0.496703878845626
0.376635462817188 0.242400361897716 -0.838504625612559
0.426607879841965 -0.593562866679289 0.0921428133062319
0.395253892632069 -0.615950945142789 0.704354930871944
0.685764213653915 -1.5009826577059 0.531312970587545
-1.6454711174903 1.8500403482832 0.458124215199989
1.01366053649037 0.105984876857536 1.62815683160344
-0.636921505434315 -0.524072907531833 0.276711599655295
-0.933744384752874 -1.94575154915594 -2.13019371388073
-0.144107269935811 -1.83897295126463 1.26135332996498
1.24469951568724 1.37523802019441 1.21995112934855
1.385026759297 -1.16520031092115 0.559217701004706
0.759551960992894 0.0113761492434546 0.688956872334058
0.184570034636646 -0.727503303500818 -0.168426451834291
0.0118883361698 -0.281157380979083 0.464468015188681
-0.182363183722553 0.19033041490806 -2.08683582295529
-0.997017692077283 0.349889485927416 -0.845612128762009
1.07452706218672 -0.100611049695983 2.02841041222928
0.149241520203301 0.156756094634502 0.265912256049293
2.29342487034198 0.402059611016474 0.629272117205957
1.88998798582983 1.27809148099357 0.226372542112481
0.986155399096921 1.62598820129778 1.06891730301599
0.175145259509804 -0.988386349784 0.995538066932537
0.586504373623921 1.11756522069205 0.677894339596019
-1.77177911647219 -0.536867164412629 1.31405100927537
0.054317989034267 -0.131532646975097 0.253740223519121
1.99396935179529 -0.357715128140917 0.0885699771653456
0.0360832146801918 1.3160205994913 -0.660129930290307
-0.995858038025196 0.937263983394416 -0.398784153851519
0.630228881917617 1.09832728066119 0.0493390903044721
-0.704743098714897 1.14889218612053 -0.290417254371766
-0.858667530140403 1.12228812402354 0.127707582768366
-0.417562391910916 0.310838952114664 0.204705154428749
0.498690293752418 0.40347825609712 0.0986825675537338
-0.208078588754616 -0.682306601989997 0.636542879912943
-0.0332241981512351 -0.414694461886087 0.0333769347017481
-0.782530707408792 0.153548883855358 -1.03570692216618
-0.143642682510248 0.372262286634222 0.172493341224391
0.168161199288923 -0.938937136014841 0.540478677051273
-0.924855161692627 -0.328940782897807 0.620377409691398
-1.4789431524491 1.1750745061672 0.144318197385531
-0.721849662261991 0.171163616619875 0.441702097173366
2.06419470464126 1.3152012538356 0.257466179561409
-0.0357204517331264 0.524009654069596 -0.61638333843631
0.0941409355664011 -1.37163518476561 -1.08825179008763
0.399508510647455 -0.983018077616758 1.37843094138267
0.741152969454781 0.243726154639749 -0.754864290805947
-0.600478148719022 -0.538972358286023 0.685608368228658
-1.26181118529601 0.723624215247829 -0.686064841695757
0.669390510282798 0.807742893650206 -0.204013144425014
0.277851603037462 -1.57604265065437 0.664306822929905
0.44171600435381 1.26240090440471 0.156598619592515
1.46106892501927 0.637253473431113 -0.140536362524326
-0.957096317639278 -1.02564716430788 1.11828883161344
1.02946599693012 0.0600008868387473 0.10759197986682
0.26541978271074 -2.39777455449927 -0.511055360421744
0.0516304642723476 -2.08425834950187 -0.192463065998532
-0.209109304161611 -1.02205772656689 -1.90851212643213
-1.95206076874509 2.12874784900454 -0.140322524484593
-0.0813459161896315 1.00393539907043 -2.04463830532759
1.00920220028482 -1.32177676221894 -0.654392814308807
-0.562193155750164 0.0170824213591161 0.701965808504308
-1.50896242662464 -0.193510569709812 0.00754203732044654
-0.552370882465497 0.0151228927533474 -0.650986266324855
-0.695459982696963 1.62175319155525 0.313340576930946
1.3395435365968 -0.498093092677858 -2.00206291009123
-1.48178444856491 0.971290585685838 1.39741967129744
0.0550514237974235 -1.0095700177307 0.993285377839193
2.5254847072977 0.153708360431591 -1.65565308995251
0.66460730524572 -0.202175658574411 -0.576689638432393
0.556279791358477 0.802429078584302 0.202560588075523
-1.14430708041919 0.656060492962831 0.283459119712243
1.20186089671395 -1.9703395790025 0.994287204466134
-1.8795006954569 -0.907983419481136 0.791115667596158
-1.11008071775597 1.54505638664888 0.211901068550774
0.489935237658719 -0.0131366877501016 -0.328564567100897
-0.0563599451831123 0.408436521543463 1.03847891411001
0.295142859899134 1.31894608104128 -0.388819721256081
-0.727788855788219 -1.25825155210131 0.939542759930506
-0.372121579230341 0.975765966690286 -0.259987239918692
1.15929120619037 1.04318573641799 0.170212271086946
1.07215414852259 0.996363736486864 0.325638698932067
0.186020177717549 -1.6130571581183 -1.51661468856054
-2.03830774639729 1.05711627858378 0.149058340656316
0.721968224924765 -1.28363113514347 -0.423240993613653
0.344901252517094 0.288477404193826 -0.228808042516359
0.700676104624197 1.16399788820793 1.31309439310756
-1.02364315463468 -0.0158016578335702 -2.49804101793733
1.65194580450973 1.63516677891921 0.394896037141039
0.445455226236096 -1.47310218783159 0.112600131422221
-1.03460528638163 -0.313415528893159 -0.590779176554406
1.03035701828016 0.885313654785656 -0.344728273003887
1.2654883835064 0.12707136473363 -1.02049255535762
0.901043225718076 -0.759490179370887 -0.110949071134667
-1.66173199324375 0.145321606341772 0.799778016231771
-1.02916926173887 -0.103413837413819 -0.154128871144374
0.12686665927679 0.263377658291265 -0.678558877307793
0.343930365119481 1.69662668213947 1.06905097032426
-2.19841213653797 -0.0354694048432821 -0.585135055708205
1.24634415607149 1.68889530534647 -0.522263445808567
-1.23034861189084 -0.463958589003092 1.59154329859569
1.38171530254674 0.196524046152228 0.0319211519033728
0.549684673618534 -0.0919195899014591 0.100136655631717
0.149863152370346 -0.225854360537643 -0.544499377117027
0.904805267397048 0.788148156031361 -2.7045404183966
0.113116184810003 0.556089966441558 0.566100126194422
0.757978343552401 -0.295587754158102 -0.538346069719111
2.15656949169698 -0.725005622098136 -0.388961387386617
0.627818707949956 -0.37043346834577 0.300484856990227
0.0633106580283847 -0.939615424893352 -0.188168925797486
-0.847456403402971 -1.40972471856972 -1.39027917786313
0.141406525946871 2.09824949350518 -0.210663699725366
-0.727901479262266 -0.798136255666358 0.241213226236711
-0.247949881636347 -0.965953360956839 0.94738459993624
-0.606946253365702 -0.64823391353666 -1.31101109404381
0.714461772132565 -1.42515951324534 1.38532730240098
0.320092164750665 0.582118741873338 -0.191700309362704
0.00462880252203854 -1.02288671864214 -0.298424041972035
-0.873940819879792 -0.429975454860168 1.29965546542395
-0.716562541156782 -1.29768628160635 -0.213976464508729
-0.4465909538275 -0.0340163209721934 -0.0530595314086079
0.212687597560453 -1.19068213496131 -0.711616127689186
0.990341147433219 0.0612951404450398 -0.897484293226399
-0.746632236969931 -0.174681210804951 1.73038783068568
0.211968415712522 -0.251167235547465 0.438299865936977
0.106101638986901 -0.430526804889814 1.28333918987429
0.0978133159304957 0.279597788045668 -0.268275275459442
0.635552797333833 0.207465473059345 -0.362376909923028
1.96980492204055 1.50608334759948 -0.555588495494431
-1.04870725773288 1.52122085426537 1.35592760979103
1.75946995249761 -0.0921886286097023 0.0750064956530263
0.224932001731116 1.71356215455107 -0.18513858218124
0.0567256404318943 1.68926912977771 2.17789531756851
0.676647421794885 -0.560075911115227 0.619647394873826
-0.167595304500756 -1.08247141542063 0.680195658296599
-0.6319057434252 0.969940505985143 0.531516048651455
-0.494597335647431 2.16128649185345 -0.189415836846784
-0.913845305158528 -1.11262168278003 0.436602665573445
-0.543794644077292 -0.641192405855592 1.84996501495827
0.578205595904765 0.22240158355447 -1.72451068151111
-0.911000056403341 1.29956886338837 1.14016682949981
-0.713438344339755 0.307497975276028 1.11934573560994
1.1349892056145 -0.703427947393891 -1.49740350904805
-0.384318312520599 1.61459263485285 1.01028660509489
1.02087705229947 1.68771108728365 0.0316013249214096
-0.126780548825292 0.480304575714947 -1.06732585138074
0.0348432817322634 -0.224733054995856 2.40620502179394
1.08674268193627 0.19408717418356 0.629048605289318
-1.16978590700337 0.94250221958063 0.203091997295005
-1.08874235793561 -0.270894810456324 1.03594232584625
1.47200582334871 0.987698494446295 -1.67698589085053
0.673656958119661 -1.01047407079624 0.656754646184502
0.968899538926993 -1.09875217423554 1.0163619896649
-0.438783142940407 0.440385792835091 0.03901049978797
-0.293542881613168 0.611818918292972 -0.0960449092698816
1.65358350519241 0.856634294814134 1.32195051101351
-1.34185730708737 -1.20991457189693 0.219806385518125
0.216552506392755 -0.0708962406153772 0.0465120138525131
-0.886926594833737 1.31463621644023 -0.884565407208972
-1.71071875044806 -0.477278735832317 1.69716593888617
-1.46704088177397 -0.548498350651233 -0.352839455156901
0.943504162054706 -0.612782932053296 -1.07209664850983
0.761148963221561 1.52768347786748 -0.900748590800813
-0.60339067426777 -0.80816864936801 1.6872266191425
-0.749758719564154 0.934620070011635 0.996279708999074
-1.68227877328998 0.629328220371753 -1.56596743964367
-1.00887610480286 -0.0193941207402802 -1.22822586279487
-0.805343406089769 0.0193828085120467 0.470725933647376
-0.763241812681825 0.356493968952103 0.472496201741201
-0.00956805755029482 0.240521944840677 -1.29754391988125
0.352911092380781 0.797575159267435 0.168359235186725
-3.13493734045518 0.930787045275582 -0.427754753810289
1.47519781774333 0.0060911590533264 1.1768881336008
-1.75930894518493 1.51058537853785 -0.516407605942299
-0.3813216022762 -0.444276677419535 -0.723124065333356
0.165370586151339 2.1122886093915 -1.0297963405363
-0.398452835147388 -1.0275441914468 -1.11309108322017
0.319277020990426 0.123556191994073 0.167584826352777
-0.59615586959023 -0.331552903108378 0.511150754875756
-0.689966795715264 -0.00268353465511496 -1.16657267694574
1.18520755297906 -2.25223524638415 -2.52255940517061
0.18528447533419 -0.623649040756378 -0.369598550522169
-1.0861983336854 -0.551324529263817 -0.992120808898846
0.858973707920914 -0.324609056482382 0.00629626483014649
0.361849935078478 -0.744627162802232 -2.03199899673186
-0.545905532934887 -0.180061058604764 -0.565964118355551
0.781942107224142 0.481797602147875 -0.0298742451619278
2.74487259744249 1.64050295283021 -0.699405308304223
0.970141191364634 -0.368159802763853 -0.103774615975181
-0.397493508093013 -0.32926945419447 -0.254984262567432
-1.58077058418271 -1.31695580441235 0.299204018742689
-0.730034448560751 0.849890235316985 0.616112572464641
-0.735642615673576 -0.794495541245371 -0.696528513089731
-1.35950357137167 0.369657595635526 2.25168809097747
0.883005578820859 1.30028547305555 -0.0353136439190423
-0.825371843206345 2.70956994120096 -1.16177228406472
0.0936781704383265 -1.58056334574004 0.967817496820816
0.409623075778482 0.892793753063783 0.248025280931191
1.50609410607679 0.524894228246151 -0.659821740297666
-0.463683755462493 0.538838193980292 -0.596907157638262
-0.629021478434985 1.14540937929935 0.262801720638099
0.65402792542702 0.517823610803725 0.00584309584913427
-0.0840812661477513 0.689941178506291 -0.909606822637361
-0.132672802631846 -0.174716356975339 -0.120538415926834
0.00179317100679686 -0.601921572316281 -1.98317052932457
-0.100660443038729 -0.148628472655382 -0.488138386393102
0.154018367087144 -0.707387923565102 0.846840817898255
-0.183914483113218 -0.109555945810905 0.621391690224943
0.831834297804232 -0.0244697434119173 -0.0976509889580831
-0.123817871219547 -0.703418036447596 -0.0496233870996717
1.13893136951063 -0.592994332616363 0.952213334460764
0.562939936047728 -0.860742691864878 -0.11294293767692
-1.93594760984375 -0.437907670110132 0.170233043104895
0.301193229121687 -0.0196286095277743 -0.293553056605007
-0.660233048187436 0.357600309542646 -0.614297993552334
0.0323557451845222 2.19735687388786 0.719449729999135
1.69902399668309 1.43148807640455 -0.23620837320805
-2.19773375696879 -0.12434997970241 0.314315717424223
-0.4768152355144 -1.63068639901457 0.524482838144915
0.39746930310168 1.80179802504156 0.568042767159001
0.638219930546183 -0.477439325422599 -0.665903820513034
-0.679787449231819 0.143717415308772 -0.841848270825355
-0.0521196646677798 1.38152926091952 1.1008523432624
-0.428594211662124 -1.62069547566385 0.00740902106678511
0.12239834165946 -0.986805584894151 0.176936374403432
1.1745172816263 0.591932985329258 0.692310983573483
0.0274372113730714 -0.889911179798184 -0.145962475060006
-0.412581797525181 -0.703347500497839 1.37787445502978
0.811492293025597 0.521639915732044 -1.32843980608809
0.0835686628823812 0.679277474496813 -0.178224251259335
0.175223953074832 -0.603834551582219 -1.17374327106229
0.327442212378424 0.140595350450794 -0.565472229651229
-0.520379933560493 0.228450475416479 0.329514904828686
-0.386378605576968 -2.01995245743847 0.0423623918142508
0.854000373450393 -1.27763302125082 -1.1783671889971
0.475519443715694 -1.18324812613533 0.768912109565695
-0.111457688777119 0.0925244156960581 0.77909568699232
-0.513695229623527 -0.840990727684346 -1.13789782576508
0.21555634015322 -1.48204901700984 -0.223594821240321
0.90604670240525 0.42390662279614 -1.28635851114391
0.568347235259455 -0.860397821882157 0.55610361572634
-2.49252408890878 -0.975086745173981 -0.582315392401403
0.0357394767397389 2.1602189420557 0.687710506796842
-0.056289405051656 -0.857635624228213 0.17492464083484
0.229150001327642 -1.84061176625392 -0.56811594449604
-0.158050578154934 0.251549042443072 -0.225010885888299
-0.598504754308943 -0.819115262796436 0.374276533724719
0.673981082543552 0.738082585097312 -0.399696425391245
1.01429996223104 -0.92408321513837 -2.31018419767696
-1.14196109882698 -0.439022487293178 1.3314585057058
-1.49122565746139 0.994456659376988 0.549259535344565
-1.1111903493535 -1.23876894505125 1.36805304717829
0.114481265192875 -0.595355581981679 -1.40239450063781
-0.041370042644397 -1.41962639417685 0.243284111441994
0.498218703631007 1.75711451212282 -1.03971429654973
0.538718174689858 1.71822797007783 -1.09514120837208
0.574302646881344 -0.628901140572488 -1.44712404106756
-0.0542732045820154 0.958637918951352 0.937945607380935
-0.705607841968617 -1.25584839655623 0.457454314005908
-0.489347017086794 -1.18295862954238 -0.0229902269782333
0.285294380801382 -0.822781097581416 0.793422167498332
0.832448031268642 -1.81619724208182 -0.529387528996168
-0.491374899910814 0.488736096669065 0.0632958422667954
0.301476734280456 1.36942798310318 -0.00273115323803247
-0.46835569784902 -0.748009386988963 0.914856663893171
0.409957392047324 -1.69248772068237 -0.563055416723365
0.285728771056421 -1.9447596186051 -0.736455007734563
-0.0453258712008229 -1.78388285680429 -1.13763935377813
-0.296004502150659 2.27904483132298 0.271588296403233
0.184229142643183 -1.9664618402382 0.970410540913977
-0.505828360117907 -1.37996903728472 -1.0844561266363
0.590331366785304 -1.40931160705636 -0.189487451172459
0.667865112270503 -1.44410409939562 -0.275940925856712
0.86457706595731 1.10537714027238 1.15388248856588
-1.96858731140175 0.505310480934828 -1.22165702792108
-0.207307744526311 -1.14698535947907 0.457570311118953
0.575380662393671 -1.52600151369232 1.12326675092901
-0.347556122676291 -0.10692341848763 -0.316170967589834
-0.0668225604406238 -0.322539612778136 0.282431802029843
-1.54519658398134 -0.0122601093922899 -0.207907359803934
-0.000645534241712793 -0.743354567559417 0.210150080593806
0.666849056273324 0.142826888975646 -0.816913125087356
0.34397073435773 -1.21402062831392 -0.652103435182452
-0.431005001165825 2.1520027367596 -1.46801469298912
-0.58197602251994 -0.864052088352923 1.0124489665006
-0.789009164070319 -1.6593051626455 -0.0965383930553648
0.13344099847865 -0.258777682540809 0.00662575334440643
0.469221571498208 -0.0580684819631619 -0.168919387381529
-0.181666631273454 -0.0577416193424904 0.406533556605048
0.146423650730737 -1.19545559468435 1.97712712582094
0.528775091233201 1.64225880410145 -0.862533933036608
-0.52922649116447 -0.0676165421757821 -0.520622578368649
0.410409897329886 -0.545095856111577 1.08264457521025
0.714395333739074 0.814604520824473 -1.87252482608877
-1.32728984890717 0.88515870665262 -0.145287692622264
0.552942714797541 -0.121532742614662 1.16982818283266
0.472489191656028 -0.0476233292437926 -0.926978942098824
1.93602461047395 0.24315564102652 0.228054772826199
0.325033231634087 -0.607691201141194 0.0490679808660672
0.753183275337123 0.538133910647234 0.532772128231774
-0.0255027236420575 0.708112163706754 0.191131548628523
1.19910542947065 -1.15488294721491 -1.65690228881175
-0.390036246966738 -0.121941680349631 -0.599364440460932
1.10733627109124 0.272051783532799 0.131495134320129
1.17825080063877 0.786719514057453 0.397546402823793
1.46789335591678 2.17567555376224 -0.612751581170641
0.970436925396482 -0.490841893107836 -0.797791675536653
0.12985435834411 1.94302432094826 0.455051939992374
0.0654855345065061 0.8491274806518 -0.739496819358855
-0.198227733712334 -1.11742415121769 -0.0410721806295776
-0.435807557010881 0.708279613524484 1.47620478629061
-0.112126711246758 -1.35198074909475 -0.246320966381931
0.0388509407706574 0.0584136838061935 0.141625010367471
0.536152516242818 0.314308844631083 -0.597516546248216
1.28797671030379 -0.382730882319856 0.331017031319409
-0.759344642737557 -0.823195424468813 0.486887856078388
0.669170888684229 0.814345030691384 -1.14445176226455
-0.667325971171928 1.01277426720238 -0.75310467065422
0.027113793641802 0.100308412802207 0.413576404440005
0.68875900404085 0.0250844919936318 -0.137774571814872
-1.20369033350551 2.00831476595378 -0.257740678602373
-0.477739779709568 0.61033437205825 -0.0642461682441467
-0.563447846178038 0.803436979409903 0.38057246109057
2.07753128368825 -0.510989596795448 -1.02276831906386
0.156646732035989 -0.00588486788005249 1.08167903672837
-0.460129357063905 -2.72998202210696 1.84385223975047
0.552239625793761 1.10779477491948 0.281436220775214
0.652602383813745 1.12680114079547 -0.445834160602071
-0.296442882780244 1.0688816814155 0.818371646657803
0.737044376993619 -0.799066807729258 -1.17880304963251
-0.76080618051147 -1.57608440493455 0.354253433770998
0.875324030693979 -0.104698896773562 -2.04010065254529
0.510456334408189 -1.02255393596138 -0.615840433286695
1.04962247307379 -0.315027152581749 -1.26744918037115
-0.673067410726545 0.762111940964209 1.50129084002136
-1.42130368576841 0.12059486874937 -1.11665886957649
0.102123012853044 -0.625088207066888 -1.25842590868392
-0.687603395800888 1.41444845856163 -0.6069409625956
2.13223736215213 0.0483828636418404 0.304977105702698
1.19774396880608 -0.0496458426471188 -1.2845101049958
0.942151167865176 -0.254412834870024 -0.49751361386294
-0.789465736757253 0.782628805641954 0.118137612224381
-0.641038453788982 -1.91526325492104 1.76617700325017
0.7528282099685 0.253607893105682 -1.95531862563339
-0.155967105256841 -1.72880450457214 1.07103794803127
0.221899151580161 0.529468109757453 -0.397115852190367
-0.526501913812476 -0.243301372360184 1.34865740747672
0.415105979867832 -0.207997694142029 1.46623171039571
-2.16758640404593 0.918256270802561 -1.00742737369595
-0.516140136175782 -0.657988053641491 -0.0639194946794624
0.166024737422251 0.236793067107345 -0.00409272167379399
-0.100299296808757 1.01981960084268 0.672100746209772
-2.02468774391491 -0.956900436583925 1.39967915915623
0.0098439855694776 1.40349629512076 -1.1036626633361
0.0511582671908161 0.0130547971906428 -1.13439034233132
-0.959472657054649 0.92730192922205 -0.407360214305605
-1.89157834997044 0.301389661053536 -0.323650903730636
-0.368974694833863 -0.0499982988139694 -0.890326906639046
0.198068648590901 0.478366091328566 0.811880318676448
0.590667646956996 1.15184940039651 -1.16492963655709
0.547224220741145 0.268940479077523 0.752218228632449
-1.03032527280129 1.12215396561134 -0.145535596721744
-0.726320263189448 -0.55208077773049 0.626975367936802
2.38690844663365 -0.578830643184364 -0.728298491598045
-1.16591997012959 2.23058808574391 1.58236959475825
0.204776197086388 -1.08160650976511 1.0292882370817
0.42834831544432 0.446242234571115 0.743609161619638
-0.887835787231182 0.468405302578251 -0.46676931461032
0.00751963878822385 0.171629461505591 -0.383106461578015
0.338947194066265 -1.7917218682077 -0.540971424881465
-0.419831586962695 -0.010434792580058 0.577340969483919
0.435787033524682 -0.491500727489813 -0.375881760214441
-1.94252539892832 0.308268003369742 0.338425196786593
-0.275287123705785 1.54103617364908 -0.176495547625143
0.79877762187395 -1.82098055124058 2.75154400548291
1.96190355142172 0.189683682432833 -0.265421773398563
-1.29962151259581 1.45937713454616 -0.564209186989116
-1.06408583229049 -0.39498901231771 0.290193778582621
-0.207528051181325 -0.607426088546031 1.6888324220474
-0.645492714171983 -1.5271702110167 1.11087599205566
1.72009671734326 -1.16597540922097 0.646514161080873
-0.113053475792057 -1.56508400277428 -1.33702587940396
-0.795289574160125 0.717560268613442 -2.01714038224936
1.00025188462879 -0.737182886744052 0.595667852337317
-0.787251321757734 0.961260863288947 -0.250492360183169
-1.6107909242789 0.428846454928734 0.444436675261404
1.29513063944374 0.48523097283252 -1.47521289525228
-0.775847528930919 -2.06847779767863 -0.363186931814279
0.567243129098001 -1.40915925986626 -1.08208610958754
-0.307357736293942 1.04710630017099 -0.0623137195405106
0.214211070125425 -0.530610905897402 0.791316527290752
-0.481555744557371 2.30095259312952 -1.41145259667445
1.21730473686548 -0.336055140143769 0.301905093068173
-1.84502925579337 -1.27083359158216 1.21300991044236
2.09943758828319 0.924534829581113 0.600147877710606
1.18102106285379 -0.772572359492525 1.76961617069598
0.500429269166791 0.212034837484313 -0.693910306889948
0.443605148104822 1.33030703333945 1.68961915560807
1.31178799177772 1.29561302814501 1.35850970865456
1.15311097354931 -0.127504672502956 0.832054315705994
-1.46091484575561 0.611741064230162 0.23313831175321
-0.0902070861765897 -0.441888903741514 -1.74578204198239
-1.42486527910846 -0.764761967372533 -0.958641106132904
0.806268147616605 1.51681855728696 -1.21751307195145
0.0774207965609942 -1.02229251175831 0.458752995252346
-0.913792877613413 0.742619454332629 -0.953862702130975
0.857338741392244 -0.229176250982682 -2.02073388182744
-0.44980228083068 -0.361220396198753 -0.403896764755388
-1.19270604639927 -0.990487886797321 1.28658706719525
0.196260868920278 -0.589844220298524 -0.22502180664119
-2.24733664550281 0.198709348487236 1.16563683382758
-0.253336689935583 -1.35985263162765 0.174887102539124
-0.401659679323739 0.472622487732665 0.336256967323032
0.577241410308435 0.323518294564371 2.35159820210463
-0.827880364154728 -2.16610053432596 3.13256206222454
1.36171116801291 1.45135908471664 -0.260755675511383
-0.91714037726233 -0.514196810253294 0.0226820243047488
-0.864004124609768 1.45179207268705 0.260328976180483
0.939344867498865 -0.814489912127283 0.0646181632268471
0.672055945733573 0.0953335572575257 -1.37269927829461
0.712009734389293 -0.267919358036791 -1.01908899762922
1.41402294818818 -0.842663276448131 0.559021261383446
-0.418931439778158 -1.42547956896252 0.587757054078668
0.92241581436099 0.590541629665888 0.919389286944963
-1.01654800438721 -1.28540539727838 -0.81618741663026
-0.863817585897846 1.71476375394435 0.416149556441626
2.02859399451921 0.320533666611107 -0.843381674733398
1.34597214531124 -2.62261888086771 0.619553351380237
-1.24130789067881 -0.617611689318507 -1.59749863137935
2.42361680813093 0.822350774054361 -1.5923981666853
-0.131318845296228 -0.0188052988937242 -0.257217597237752
1.41290532194288 1.24077833891224 1.90596029529122
-0.580608372018328 0.253027443614992 0.836309475048873
-0.0447211747822653 0.862640196023961 -0.0854683201195182
0.625472687712972 0.266084820295229 0.944542873391963
-0.164544221320629 0.238905367270841 0.882253525485922
0.0588654065527151 -0.397790555282852 -1.21214760062217
0.97573683139539 0.455987450470171 1.21832406192011
-1.20058073396158 -0.473050767021052 -0.357774900422512
-1.1503839502933 -1.50955813326416 -0.393940556105843
0.314492805447729 0.674075053031259 -1.46084544888128
-2.22090500267868 0.853578459530151 0.332061764196826
0.824514690464419 0.346911540162212 -0.709714917843722
-0.761317297757303 0.559565135862445 0.0252687949030828
-0.681095386697325 -0.936527425720961 0.419478205772437
0.646231543078236 1.66278446853684 -0.111516772334525
0.646895069716618 -0.93023184794974 -1.35279061339174
0.0534453651048337 0.552392232908429 -0.201324237753551
0.0630115999721352 -0.679470694450075 0.643815817384382
0.721371289028424 0.828637298235294 1.11283623620208
0.7075450650688 -0.308576668523206 0.0889249696544029
-0.468788965618728 -0.0903503953408744 0.815487497258877
1.63342730961876 0.221496465114569 0.170418959212037
0.756406893413308 1.31801224416043 0.611862523623906
-0.685898948002467 -0.395247489813622 0.961929525272534
0.797647803339052 -1.3613587282811 1.42782797404533
-1.09389426499849 -0.00824647767101237 -0.696814978612101
-1.44283917447663 0.852937038063458 -0.0354525653516453
-0.0703152009025051 1.7703524747105 2.39433384867456
1.1839097136788 0.359771601544489 -0.00918253352022637
0.476800604702937 0.114139982879945 0.315456551273151
1.28917324193661 -1.32222612339063 0.970088959269293
-0.119494732528776 0.699740312181515 -1.01134371102671
-1.62819813670126 0.76093487845532 -0.446152898544537
-0.128081670405075 0.114024201100656 -0.841423563268314
1.65993898643548 0.361389910319508 1.13909416748948
1.09483429628966 1.50090839274214 -0.6604101293922
1.85665242720918 0.870270771023054 -1.12209980732281
0.0187386765788251 1.01223768073345 0.154502548397253
0.35328639152686 0.279621510267833 -0.101612586547669
-0.613185026110037 -0.485183146570134 0.469347178196955
0.227254788916827 0.940033464120393 1.37514508692713
-0.224612171416248 -0.244345729681969 -0.147679424916205
-0.860000570770048 2.0365993934814 -0.414694329855153
0.0674812280625411 -1.62840500146394 0.357089785434273
-0.470657558255331 -0.299523970076551 -0.11246752246274
-0.375913684394777 0.463633080868436 0.380920233150793
0.007772156616825 -0.00643982316754612 0.145162179928852
-1.71774854232642 -0.267130834293843 -1.5783624908248
-0.606508790717353 0.660858727507112 -0.430400198968675
0.347835464356979 0.162354850134644 -1.21103852664831
1.14203484614461 -0.484169606792722 2.88641904031285
-1.52689857314539 -0.753266972398845 0.377148501937187
0.903598519126567 -1.05780579591187 0.397769191801548
0.438749165351698 1.22280472224811 1.3265967812141
0.0811394186120233 2.20278248320486 -0.336547449884384
-1.16856856333409 -0.669989418048789 -0.294069881636637
0.700543192596773 1.37894084724544 0.340073029998643
-1.61872598382976 -0.431613688686025 -0.180100402911644
-1.61205865459324 0.899927119114083 2.03005071446898
1.45693031596304 -0.166201410493788 -0.355603069408634
0.0685546178415574 0.686070219614152 0.393826108197331
0.740586424462905 0.0682254247881802 -0.0313422970350451
-0.899738599143918 -0.386730740953081 0.812225899514888
1.07219875978742 -0.190563884576249 -0.409286987992696
-0.802706745316243 2.11669420124133 0.681068358586781
-0.139442903074199 -1.62391522299147 2.93760751090216
0.0431680195172744 -1.01014692395328 -0.024042908335628
0.810943732749898 -0.204890745436804 -1.2698652611075
-0.130373114043398 -0.162672320302872 -1.12951579355493
-0.792946766438578 -1.06035366089121 1.41764129396819
-0.568805607429826 -0.153262493471341 -0.752550359272448
-3.21842932845582 -0.0997851882564983 -0.239040564566024
0.969670550826565 -1.89523126107781 -0.723530491622744
-0.550396456077611 0.70407049215344 -0.184168446786493
0.583800660283904 -1.68667821887459 0.808958168529968
1.79094291210768 -0.421417972575188 -0.814484134455284
-0.0467034319735143 0.0966279525361973 1.42547730488618
2.06824477456362 2.74529331681924 -0.928428588263779
-0.905696859425231 0.879298397002537 0.196171863875805
-0.955158736281422 -0.459289949095926 1.05010037227132
-0.946028943614947 1.13514645284029 1.26715492673906
0.105411565285281 0.647519142630017 0.404732797681356
0.418303553622546 -1.10173321629117 -0.148296882325985
0.75240114460401 0.175844464189169 -0.167042741639126
0.464309948172511 0.599557050480867 0.597878952814988
1.00232129252005 -8.39582926037378e-05 -0.789987644030354
-1.02345230648297 -1.32089772426015 -0.319878364990533
-0.0672723941423679 1.33153645000102 1.58840046396744
-0.512189973466898 0.0850942642588528 1.18103016207626
-0.306712823696642 1.17649153501015 0.424067034461203
